0 4557430888798830399
1 4557430888798830399
2 4557430888798830399
3 4557430888798830399
4 4557430888798830399
5 4557430888798830399
6 4557430888798830399
7 4557430888798830399
8 4557430888798830399
9 4557430888798830399
10 4557430888798830399
11 4557430888798830399
12 -1
13 -1
14 -1
15 -1
16 -1
17 -1
18 -1
19 4557430888798830399
20 4557430888798830399
21 4557430888798830399
22 4557430888798830399
23 4557430888798830399
24 -1
25 -1
26 -1
27 -1
28 -1
29 -1
30 -1
31 -1
32 -1
33 -1
34 -1
35 -1
36 -1
37 -1
38 -1
39 -1
40 -1
41 -1
42 -1
43 4557430888798830399
44 4557430888798830399
45 4557430888798830399
46 4557430888798830399
47 4557430888798830399
48 4557430888798830399
49 4557430888798830399
50 4557430888798830399
51 4557430888798830399
52 4557430888798830399
53 -1
54 -1
55 -1
56 -1
57 -1
58 -1
59 -1
60 -1
61 4557430888798830399
62 4557430888798830399
63 -1
64 -1
65 -1
66 4557430888798830399
67 4557430888798830399
68 4557430888798830399
69 4557430888798830399
70 4557430888798830399
71 4557430888798830399
72 4557430888798830399
73 4557430888798830399
74 4557430888798830399
75 4557430888798830399
76 4557430888798830399
77 4557430888798830399
78 4557430888798830399
79 4557430888798830399
80 4557430888798830399
81 4557430888798830399
82 4557430888798830399
83 4557430888798830399
84 4557430888798830399
85 4557430888798830399
86 4557430888798830399
87 4557430888798830399
88 4557430888798830399
89 4557430888798830399
90 4557430888798830399
91 -1
92 -1
93 -1
94 -1
95 -1
96 -1
97 -1
98 4557430888798830399
99 4557430888798830399
