0 1848
1 1848
2 1848
3 1848
4 1848
5 1848
6 1848
7 4557430888798830399
8 4557430888798830399
9 4557430888798830399
10 4557430888798830399
11 4557430888798830399
12 4557430888798830399
13 -1
14 -1
15 -1
16 -1
17 -1
18 -1
19 1660
20 1660
21 1660
22 1660
23 1660
24 -1
25 -1
26 -1
27 -1
28 -1
29 -1
30 -1
31 -1
32 -1
33 -1
34 -1
35 -1
36 -1
37 -1
38 -1
39 -1
40 -1
41 -1
42 -1
43 1452
44 1452
45 1452
46 1452
47 4557430888798830399
48 1181
49 1181
50 1181
51 1181
52 1181
53 -1
54 -1
55 -1
56 -1
57 -1
58 -1
59 -1
60 -1
61 907
62 907
63 -1
64 -1
65 -1
66 587
67 587
68 587
69 587
70 587
71 587
72 587
73 587
74 523
75 523
76 523
77 523
78 523
79 523
80 523
81 523
82 523
83 523
84 523
85 523
86 523
87 523
88 523
89 523
90 4557430888798830399
91 4557430888798830399
92 4557430888798830399
93 4557430888798830399
94 4557430888798830399
95 -1
96 -1
97 -1
98 90
99 90
